77
111
114
98
105
32
108
101
99
116
117
115
32
102
101
108
105
115
44
32
99
111
110
100
105
109
101
110
137
109
32
105
110
32
112
117
108
118
159
97
114
133
97
99
159
105
97
146
102
97
117
171
98
138
32
110
135
133
129
101
109
46
32
128
130
132
115
101
100
32
109
177
114
144
140
142
144
189
67
117
114
97
131
137
168
101
103
101
115
116
97
139
110
105
98
104
32
101
116
182
221
223
118
101
104
105
99
163
97
224
214
216
218
189
68
149
184
117
226
113
117
97
157
170
32
116
142
108
181
142
187
154
156
32
104
154
100
114
101
200
116
241
243
99
32
194
109
112
266
146
154
152
182
149
185
98
129
116
201
213
215
217
145
224
216
169
234
139
148
150
152
259
117
157
100
111
108
129
146
296
194
247
97
226
296
151
153
155
300
32
151
249
317
173
250
32
167
234
189
73
160
101
117
272
303
143
171
137
151
328
216
146
230
183
110
310
201
307
101
309
226
101
120
189
78
163
108
319
116
200
216
105
247
101
252
187
162
139
106
138
116
111
146
105
196
296
118
97
108
143
219
346
117
361
198
116
285
139
310
189
80
208
215
259
293
181
110
117
110
99
146
255
136
181
230
108
147
149
313
299
157
230
358
180
255
109
146
353
249
148
114
275
168
159
227
222
189
83
195
197
97
120
152
181
134
400
385
32
366
216
111
272
363
266
140
172
180
115
326
160
104
251
448
210
218
194
161
354
253
236
151
400
109
216
46
13
10
463
77
97
135
154
218
32
129
342
265
32
114
104
149
294
185
265
157
329
202
114
314
156
189
70
138
99
361
409
285
411
316
253
274
129
323
117
103
380
146
247
201
112
284
285
368
168
183
360
500
136
499
115
105
226
249
225
189
86
105
374
109
401
142
133
101
438
194
196
394
376
236
170
234
460
97
160
100
97
112
221
138
269
183
271
102
200
110
103
105
535
323
271
177
502
361
251
415
109
417
419
488
490
381
375
215
248
542
140
177
179
181
312
298
315
188
190
199
201
510
510
362
376
138
414
108
356
233
215
556
427
207
201
310
146
285
396
371
395
226
176
171
377
201
111
151
111
241
117
201
109
332
583
207
544
139
505
139
198
596
139
257
105
141
150
261
263
265
267
189
81
613
115
513
382
384
252
357
285
513
324
117
446
158
170
163
201
220
222
161
207
588
573
606
144
583
363
499
266
111
139
102
443
393
135
647
225
331
542
134
625
208
268
581
624
323
133
221
663
657
554
659
290
118
303
245
112
310
480
187
323
116
146
112
448
265
356
236
394
396
522
524
249
181
615
376
597
99
538
115
540
529
433
146
548
404
552
380
197
225
576
405
578
260
112
700
105
300
462
464
10
327
253
214
420
649
377
684
607
139
507
114
217
205
207
209
518
207
182
184
402
518
723
137
445
32
242
719
621
439
408
524
266
208
146
574
585
703
271
371
175
551
553
555
309
580
523
525
181
173
234
741
652
229
528
374
200
401
167
731
759
352
396
158
155
266
100
316
663
378
271
153
758
32
688
255
116
691
696
695
630
150
632
756
198
115
714
32
562
564
266
351
395
271
329
144
615
196
165
230
114
208
272
97
553
383
204
32
65
154
101
715
251
497
364
182
827
769
226
114
245
854
157
207
342
733
463
796
271
402
291
226
198
674
571
236
779
32
98
354
297
604
776
554
354
224
330
245
202
377
189
65
143
871
143
98
683
584
305
641
144
643
722
763
819
821
174
822
590
200
171
593
698
167
225
836
302
304
114
885
844
715
483
129
171
427
840
139
801
132
472
908
764
565
842
887
248
157
110
281
198
103
342
272
490
105
544
813
340
469
640
918
132
598
573
178
545
744
655
759
489
115
491
280
160
537
300
714
160
946
504
636
475
477
396
431
105
502
354
351
319
483
873
540
151
226
946
189
466
679
399
807
935
937
165
217
361
609
105
438
809
690
948
692
176
950
444
227
517
808
163
162
217
253
424
426
421
257
486
802
143
677
191
131
362
274
181
992
531
756
520
604
574
951
1019
364
424
138
275
297
820
361
507
253
155
105
885
930
975
676
808
689
811
386
32
327
261
449
750
289
453
112
455
845
320
459
461
463
861
827
475
855
316
714
544
154
880
427
820
236
287
239
139
985
546
32
635
144
513
745
217
317
613
237
671
911
499
141
485
407
589
354
563
129
419
872
874
979
850
555
375
359
931
748
208
210
752
421
220
1003
1089
1087
230
232
785
236
198
429
526
620
966
989
467
435
367
611
1049
328
636
831
958
158
112
115
316
864
1075
289
387
114
111
421
882
151
936
144
517
250
501
503
158
196
1084
509
499
755
677
352
535
157
517
519
806
224
1144
139
864
923
720
308
248
226
1157
518
499
236
1011
350
32
69
285
975
102
666
334
752
848
499
304
283
746
204
1062
10
425
196
159
253
114
801
408
203
348
1187
233
751
212
1044
1148
1113
1151
920
384
612
201
152
419
151
225
769
114
234
1155
197
616
1077
178
758
1224
1226
288
720
559
252
284
893
532
140
877
555
534
879
278
857
226
858
97
705
782
1170
1005
245
310
361
483
889
683
236
1092
1013
580
862
880
830
609
757
181
692
512
722
296
1237
577
1264
1009
533
281
476
478
393
659
914
183
715
163
591
491
139
1191
168
118
1255
1007
101
189
79
1225
132
790
794
182
310
111
1083
944
1028
671
987
201
151
744
167
211
105
391
615
799
290
342
956
724
168
200
458
163
708
1079
1266
729
225
731
413
224
220
1248
1173
379
692
345
347
146
436
368
865
720
406
579
822
114
342
146
1241
1333
285
1139
1206
500
1237
1112
228
205
208
744
508
1178
168
1022
680
1263
407
202
501
173
1016
129
1018
1165
323
1167
946
808
793
656
1220
800
1318
348
1015
556
599
661
168
273
647
1056
170
266
692
912
694
1140
1044
626
628
196
101
1208
1189
913
1080
636
513
287
866
452
536
1153
1298
32
1266
692
987
1074
330
1172
1289
904
1318
665
667
625
226
1126
568
936
1251
32
83
1032
263
1150
1438
937
645
146
925
474
1074
292
159
1355
491
134
357
638
310
640
1113
1040
1197
1199
902
1096
824
212
1411
1210
317
303
662
226
103
208
165
542
826
1163
753
271
1346
438
1417
32
871
275
376
259
215
1459
921
982
582
139
115
609
569
1292
254
256
853
144
256
238
289
339
518
1127
507
1138
266
568
679
1117
233
235
566
1324
902
1290
1432
161
254
1491
637
722
1401
813
1357
1335
427
868
97
572
1247
32
1476
97
1478
1180
100
387
448
194
587
139
854
356
316
1426
1227
1160
1100
978
756
345
136
1325
1279
1236
722
623
357
822
1418
1439
837
839
384
277
226
1193
284
614
838
937
714
1571
841
67
1366
949
575
1170
231
1518
879
1484
370
160
605
685
517
1501
1548
1045
810
812
161
284
1440
1184
321
1602
1513
474
1550
856
808
1588
1119
1143
467
194
155
1065
1551
157
262
816
266
756
273
594
1105
779
670
330
1245
236
864
1632
1602
746
1158
168
977
875
860
1198
426
933
160
787
439
196
540
253
224
134
1264
252
159
171
801
1618
1213
1150
279
882
1629
190
1379
132
1201
800
300
146
109
193
1024
1167
1575
1195
1587
410
1329
1336
143
972
1074
120
1340
1560
211
1487
931
277
214
604
1434
1337
279
1360
882
141
884
1423
319
354
186
671
1295
108
1006
1257
1534
570
1536
1440
1266
803
753
360
175
266
1654
1486
1068
1318
160
234
114
1138
290
1277
1374
1410
1188
1471
162
854
759
736
1669
482
1418
1535
572
176
153
385
557
799
1136
1138
157
729
152
1219
1593
1027
444
982
1666
454
1400
1044
719
1530
1482
1228
710
759
1465
864
848
256
1015
718
934
1500
869
654
1735
1252
707
139
421
1282
969
952
1778
1665
192
808
1510
361
1770
219
415
1509
990
815
264
1624
226
1722
154
522
288
545
412
1648
317
543
1028
432
1232
1088
1176
354
491
1044
253
1548
1365
470
907
700
836
772
1612
403
1672
1652
101
627
263
414
519
1231
499
1565
201
1540
1542
647
1273
1258
120
146
1622
1798
267
1764
1303
393
149
146
1610
316
1425
1419
1480
879
692
960
539
963
610
769
471
1353
926
1815
1079
1465
1399
1816
692
823
1098
441
1538
421
273
928
1442
115
1033
1314
1055
111
1038
285
1642
781
1780
1071
645
1227
1869
1367
746
236
1725
1727
1757
1788
600
1657
603
1345
1129
224
1800
1499
674
1759
1873
813
1360
1801
1132
1268
196
357
656
671
1594
743
224
1685
1818
255
1497
1674
671
1917
1902
1018
1084
1074
1338
680
1580
518
640
1872
1530
189
1605
319
784
650
622
132
1924
686
277
1470
1688
1682
235
272
1931
942
1046
1601
1426
1562
1437
331
710
1189
336
529
1130
1737
1203
802
1740
1711
1742
520
1745
323
1747
940
1749
161
200
1672
1781
1754
1000
1870
1443
1034
453
1115
132
892
1413
761
754
844
342
640
1293
1777
656
666
652
1271
712
961
715
1403
482
1653
1374
1440
843
1287
1646
281
493
1805
1014
518
1573
872
682
150
802
676
1945
1185
250
805
428
430
219
659
1833
1612
341
343
139
981
1183
2033
1135
1699
597
980
1301
272
1456
1624
1528
361
1846
817
246
966
1241
1928
546
1197
1583
470
2007
1028
1966
1894
763
829
115
831
1562
1792
798
1472
912
1071
1815
172
1440
2066
434
1837
139
882
2087
147
207
1727
938
956
940
518
446
737
441
692
1943
1044
1426
1845
631
1799
427
1122
783
1137
732
1441
426
702
228
1895
971
1958
1783
479
1703
265
671
763
1660
820
279
1397
1423
562
1599
996
1418
679
1241
1430
1209
906
1815
1944
760
2061
2114
930
671
803
1773
160
1676
640
288
1520
957
999
1586
1829
1831
629
1917
277
330
709
1804
361
1842
1858
1702
530
716
1812
1900
668
271
1177
585
774
1789
834
1824
281
1734
2064
734
388
1145
160
2072
292
1241
1462
927
441
1450
560
863
1790
1716
380
1820
744
1526
1321
513
833
767
1452
1249
1574
97
1704
677
1973
1204
1909
1710
1138
1712
573
1744
1627
1982
2111
1750
1986
1753
1585
951
387
2202
253
2056
1002
132
1250
1718
1093
1351
1381
1025
1797
2059
1636
217
146
131
890
2029
482
1631
144
108
1108
1053
752
882
1635
1966
871
1275
722
1293
974
157
1640
1102
2122
101
671
1250
1689
614
303
2164
1495
984
186
157
211
619
2105
1623
1848
692
1854
157
2177
1952
1596
2108
2037
1072
714
1642
80
1546
1502
622
2273
358
361
2260
1258
338
1807
1373
1351
1828
2073
1134
371
2229
1490
2203
722
864
1388
1203
1390
693
1336
421
1532
1552
1496
1803
1679
1806
251
1839
371
1120
724
290
1932
1911
593
134
1130
2185
421
550
159
777
879
2182
219
281
1484
654
164
166
1396
838
1941
841
1999
271
719
1090
1469
1732
211
1671
1775
2218
1842
1789
990
1355
440
1396
187
547
184
2239
1167
1828
1512
380
474
2279
1577
2109
1497
2354
1494
2113
196
2163
2300
1655
601
1658
226
2367
2376
671
1559
253
211
189
85
1574
2277
1826
2025
1686
2400
752
763
1727
171
941
880
175
170
1595
201
1241
1260
1144
2275
1566
1861
962
2170
181
2397
1568
937
2150
608
1867
474
2411
1960
586
1929
1562
1486
1235
671
2191
1880
441
1078
1435
2271
1124
249
826
797
1731
1209
1688
2323
482
676
146
2126
1215
943
2002
201
2270
1343
1175
1813
647
2420
649
1501
1020
687
1296
1709
2360
1909
2236
1654
1957
973
1197
1017
1996
618
651
2039
1466
416
1876
511
184
2379
1514
2479
1029
499
763
1650
1422
86
1804
495
250
2222
1984
1751
1987
2078
2155
1028
1384
2447
2215
2137
1291
1607
2380
2301
117
131
143
1899
749
101
59
760
270
648
785
144
769
1747
763
2267
1705
1613
235
718
379
1258
1938
2004
806
1387
832
2001
2043
595
1566
1697
903
2138
922
321
2153
361
1241
558
2315
528
1828
2265
756
2454
1412
205
354
820
323
112
1888
252
2417
285
331
171
664
247
323
196
1015
129
236
510
360
1618
1099
296
2522
173
280
216
768
1525
420
396
101
2573
664
261
578
467
664
1779
1123
2368
1127
1921
2038
423
1701
408
1962
692
1763
2457
2243
1638
2290
1123
647
448
271
450
1510
1035
1759
456
1059
156
1061
734
1162
879
1811
256
2304
1628
931
2215
349
1393
2519
2496
995
1047
2395
1285
2529
719
1896
320
249
2416
658
2289
864
2194
1482
697
163
165
473
1227
2346
1615
390
1618
483
1113
403
162
2351
473
2364
921
1652
2566
813
2661
1160
2440
1692
404
109
831
438
1022
2374
2035
1073
681
1683
339
2539
879
1645
2005
385
306
149
194
1687
752
1324
1457
1082
1564
1040
929
1106
319
2641
319
2619
2090
2429
161
699
909
1440
1882
1884
1445
1602
1888
2712
1266
373
375
741
2330
572
2346
370
372
726
1654
1553
2537
2060
841
983
2424
2395
2542
1913
1530
1853
1066
932
659
2645
2461
279
2382
1767
2114
828
134
2158
1649
1225
646
2046
1606
1517
1119
681
890
1144
594
1172
2194
2738
1385
791
1793
555
2757
580
68
966
148
2688
609
438
1729
1351
2235
2215
2463
2550
2257
2549
1461
669
1131
2099
168
2425
715
1555
2256
2749
2175
893
1146
1163
1468
475
1505
1292
642
1106
1422
2403
2721
908
701
2079
499
421
2546
1781
740
506
1603
2253
1110
2803
1910
1968
751
1970
2793
483
2022
2505
1361
2199
1197
1891
2608
2619
1917
2078
2759
2192
168
458
487
1414
2710
2165
2494
953
2041
1309
290
2716
157
2049
1124
2533
1539
1477
2331
883
841
2295
218
2297
1135
2191
719
2827
2350
2665
167
2408
1325
1135
421
1484
2669
1617
1800
2386
640
1498
673
593
772
852
2852
1971
1829
1654
402
2558
2241
2107
2302
850
396
599
1656
602
1618
2285
1128
437
2861
2464
1930
1166
521
32
2874
1547
1929
967
1283
385
1747
1966
1763
1293
1795
1127
1940
2679
2482
236
2412
2096
677
1465
2058
2906
2740
1374
2638
290
2512
1001
2004
1635
867
1977
1633
2504
1680
1143
2186
2620
1369
2655
2506
253
2898
2342
552
878
536
2766
2132
2649
695
1642
1871
1603
1522
904
2337
2405
1966
2120
1991
1883
1444
2629
1037
259
2712
1465
2432
295
149
374
1766
1168
948
2720
2390
285
1791
1239
168
2991
1909
1562
2661
2864
2779
794
2685
288
470
2735
2955
2327
2112
886
2714
2458
692
2648
812
2098
1738
2215
2953
2217
1978
2220
251
2501
1748
316
2509
2226
2949
1079
1050
2625
1051
451
2986
1057
457
233
2633
677
2340
160
1822
2723
1216
1313
1809
1756
581
468
1323
1029
1771
1625
2437
1983
1139
2616
813
2072
2763
1408
2824
168
2457
2423
1577
2679
2004
2445
1413
2746
286
1133
1269
1235
2063
2334
2686
2309
1269
2937
1267
2074
1269
1645
2200
1627
1421
2551
2356
2530
1828
2947
697
1368
585
2560
2145
226
1454
2646
474
483
2561
1422
2923
2876
1171
1606
719
1647
1121
2291
2982
804
2917
2550
2684
2614
3091
1134
1402
682
2774
2720
2864
1642
2820
2914
899
236
882
3113
2977
592
2088
2554
905
759
466
3058
1821
2976
2256
2755
483
2567
1210
2958
1011
1507
470
1384
1241
1172
2641
1223
680
2172
365
1908
1850
759
2018
845
959
1574
2169
770
893
3027
1776
1553
2429
1095
2491
418
1877
1169
1495
3150
295
2092
1271
1747
3134
3097
1948
377
1592
2884
1688
3142
1706
1708
1008
2801
287
511
281
2654
2939
941
2910
2393
603
2962
2415
1619
1611
2668
32
2503
3016
1205
1392
1160
398
2417
220
2955
403
3142
548
398
1231
2428
2371
1866
171
2832
1471
3014
224
1955
752
2087
1355
2437
1904
2912
3108
2223
2027
2247
2214
1437
3074
625
1392
3246
158
274
1389
2124
966
3142
170
769
1042
2286
799
1974
2865
203
759
2846
1503
2695
1958
2317
1222
813
3242
3032
1437
2657
2418
2038
115
2252
32
955
957
3121
2608
3242
1407
263
1041
3019
2905
1848
2367
2759
1691
671
3004
2947
2531
1949
1482
3158
160
3280
2319
2378
2664
2352
422
223
2943
267
3247
2920
1391
1830
3070
1825
2841
2957
1197
3018
871
2068
1001
2700
3308
2398
3192
795
1702
2405
2611
3268
2818
2748
828
3160
1988
2161
1919
680
1664
1050
236
3123
1971
2370
196
2894
1500
3033
580
1946
482
2686
1825
2888
3206
738
169
2211
1348
251
2907
1668
3272
1545
2875
1598
2205
835
2115
3289
1567
1340
347
742
686
3299
871
1763
3022
1048
2820
2675
2882
1211
1860
226
1997
323
3107
2933
1791
2911
2394
471
610
282
1576
759
2085
1227
141
1376
2617
1015
2167
3060
1077
135
807
1966
2718
2365
1479
1197
2636
319
882
2611
680
1172
2783
1612
1118
1958
882
1966
2360
2889
391
3393
519
2535
966
2999
1318
1375
553
1048
3364
3420
2078
1763
882
2743
2452
557
2632
1359
1772
2449
3309
741
2827
2904
2102
692
2661
3180
1712
3459
3464
3032
3085
2692
2915
1347
1448
3143
3147
814
2673
323
2416
1990
665
329
3451
1574
2118
973
1787
1018
3085
1103
354
339
2476
1651
483
3139
1959
3324
2663
2676
2883
2619
1664
80
2230
1492
897
966
3356
349
1218
385
348
292
483
2866
2392
1905
2589
2722
701
2263
3218
802
330
1555
2700
1936
2402
2404
1194
640
318
932
281
1825
2302
1865
3051
2823
2191
1489
134
2314
1422
1465
3142
1206
3487
2156
1486
2565
519
397
320
1149
2127
1164
426
2421
611
3331
3269
2996
1436
3066
1031
2984
1993
3405
3214
1618
864
871
3163
971
1214
152
2312
3551
2231
513
1371
2673
1671
1229
1563
361
3037
1745
2697
3223
3505
1382
3306
3422
1079
206
1109
1733
730
1067
3237
2346
680
3536
3221
2956
1806
1241
1763
2420
2169
3329
1806
3547
208
3240
1688
3448
101
1394
1598
671
2809
168
3628
769
3097
1825
3415
3491
1086
105
3358
2053
257
1458
722
3612
1894
1241
3127
3276
2867
675
692
421
2338
3531
157
639
2465
1800
2437
2611
1934
1302
3066
3482
593
2795
1217
3057
491
3059
719
2935
945
1301
2294
2296
3631
3348
2901
1374
1553
3424
3104
129
3257
894
358
513
3524
483
1172
3088
2583
111
3539
3099
719
2517
215
718
2755
3655
2829
1678
494
1680
277
1685
1360
3472
572
3102
2609
361
2517
1524
1825
2013
2821
1823
2115
2613
3332
2642
3294
1271
3637
2181
2860
2770
1958
3660
759
3115
1598
763
3432
719
3064
2014
3326
263
2869
1541
2871
536
2404
481
2326
3709
1806
3622
1670
2438
181
3702
2298
674
3000
2243
901
2849
2644
3156
1688
3343
2794
2798
1313
1606
3090
371
3479
1130
78
3430
2748
513
2947
3312
1813
2872
1781
2223
3537
1525
2313
3589
1274
2993
2733
583
3002
1227
3768
207
3378
2924
1506
3012
1781
3262
2318
2146
1938
1420
515
1413
2820
1860
1747
2359
1606
2854
1855
2010
1862
3753
2023
1750
3152
1436
1360
1769
3406
603
634
1415
722
2191
3568
2245
1101
756
2070
2970
1417
370
3707
3465
614
1463
734
3413
2700
3597
2233
3643
3008
3368
3292
991
2052
1632
3286
1925
2359
1473
1370
2434
3629
1985
1334
316
3197
2488
2613
3779
3542
160
2851
1486
1555
2708
2055
513
3878
3646
1258
3244
420
2583
3132
1130
3652
2881
3318
762
2642
2700
2194
3789
3881
2857
2320
2962
2040
2004
2644
3633
2469
2130
1481
3904
2849
763
3524
3734
3499
1807
3314
3306
2405
3624
2017
3571
3140
1867
1227
3497
2077
3912
1440
3512
3791
3514
2057
1053
1650
1228
1903
2817
3880
844
433
2215
183
807
1311
3426
1262
1979
594
3875
3348
3442
2671
3781
3833
3209
3493
2938
2892
1577
1741
1440
3149
3673
470
2349
3716
3560
814
2515
3233
2687
2689
3601
2240
923
3095
2720
3381
1824
2251
3095
3503
2036
2608
2360
2161
1866
473
361
2937
1299
2052
3171
1305
368
1308
2464
1001
1311
1578
3773
1315
746
596
1319
149
2231
718
218
491
3769
371
1589
1330
759
2820
3818
157
3722
3260
2538
2042
1461
415
514
585
170
2904
1626
3541
3507
3397
3464
3612
329
775
2343
2968
1612
3600
2166
842
915
3874
3829
1618
2349
2101
2140
1044
3597
2294
1144
1112
184
2004
3664
32
3413
2804
110
3704
1114
330
3360
1912
3944
3703
837
1069
2149
2472
3454
1997
3643
2004
3541
3899
671
3936
3453
3211
818
193
187
2161
514
771
2749
2732
2995
2921
3222
3754
3868
541
3584
1661
3224
2097
2922
3680
2925
2538
1392
3929
3198
3402
3300
2644
2997
3237
3139
3478
3628
1004
1707
1256
1651
3226
2305
1243
1246
3259
1460
2419
195
3822
2842
3321
756
1936
3261
1221
1390
3784
3138
1496
764
3227
171
3229
1556
875
3498
2955
3437
1859
3478
2720
3497
2072
1685
542
544
1001
2732
1766
1642
3413
3296
1392
1486
1825
3014
2541
773
3271
2214
1235
2732
1766
1562
1936
764
1071
2270
3799
420
3806
3281
3784
3760
3790
3588
3514
3001
746
1240
3063
3939
2319
1235
3360
1912
1048
3872
3785
2399
2885
3220
1465
1141
470
3202
2197
1715
3376
2214
709
1700
3173
715
2914
3541
514
585
3297
629
2732
1766
3478
3440
1087
3467
32
3413
3850
2062
2876
719
2804
110
3587
1527
513
1825
2147
3866
1358
2286
832
1386
1587
108
3344
871
1147
3862
1286
3174
1695
157
2013
3350
3092
1649
2060
319
2791
156
3557
1028
3321
818
1578
2084
749
2833
2498
2493
549
3274
3785
3249
2394
1642
2485
3385
2849
3776
3524
3869
139
2246
263
3462
2081
3887
1562
2653
3228
2593
2827
2697
403
3719
593
3541
2167
1205
3437
879
1553
719
591
3691
3647
3609
580
3354
3571
3714
236
3835
1764
3211
756
2013
3478
3360
1912
1555
3155
1938
2743
3643
2399
2885
2090
3334
1079
2357
1808
544
1001
1894
3171
3786
3525
3250
3323
3602
2051
473
2858
2204
2698
3919
3300
3904
3756
3659
132
1486
3639
1377
3575
2726
2629
3926
2814
2093
964
1826
1004
1707
1256
1651
3504
3869
3653
3784
2399
2885
3926
3238
1302
528
2966
2344
1251
3570
3300
3392
3574
2388
1227
3930
3278
3494
2485
594
3356
3743
2148
2094
2413
1625
2373
32
3813
311
2704
1341
348
1182
3080
625
330
3242
2866
1865
3249
3407
3477
3128
3432
2501
3103
1637
2961
763
3933
3215
3109
3469
2395
281
645
2607
181
3296
3682
1828
3021
3616
2112
2213
1975
2216
1776
1743
593
3031
2507
3034
2225
1988
2227
1756
1197
3855
3110
3001
746
499
1591
1071
2246
263
316
3090
3203
1256
1651
3078
2607
3730
1237
3139
1355
2892
2226
542
544
1001
3166
2495
2435
966
923
3626
752
3444
3866
1358
2278
3002
3323
3602
1207
2362
752
2937
1562
3776
3555
3348
3507
3397
3777
1826
3184
1097
3186
3003
2472
3789
882
3249
3407
1247
3390
2642
3321
756
3722
779
3305
1418
2384
1238
746
499
1936
798
3789
591
3691
3833
3705
1834
3811
556
713
540
2167
765
1796
3401
2653
3493
1633
766
3382
484
1278
3906
879
2341
1694
803
2569
452
2572
2574
217
334
193
111
2579
1528
2582
681
510
2586
129
2588
1176
441
2591
131
702
664
701
697
441
1656
2600
368
139
232
314
2605
1736
160
1966
3090
2089
193
2892
2419
2371
3419
2288
2712
3173
715
2495
474
2880
2089
2333
3410
1677
3690
896
1422
3855
3125
640
3203
1256
1651
3676
841
3173
846
1574
3235
2088
1867
3530
3396
3318
3469
2395
415
1071
2302
2974
1992
1885
1258
226
2478
1259
2169
3799
3634
1460
2873
1144
1146
1249
3146
593
2866
2778
3203
1256
1651
3568
1286
3174
2960
585
671
1384
2938
2054
3882
3934
2012
3228
2593
3504
2147
1826
3790
3588
3514
381
924
3864
1567
3419
2322
3609
157
2338
2161
1570
2355
1549
2815
3801
2876
2951
1064
2104
594
2907
3142
3676
2419
1960
2032
1606
1936
3899
3776
1894
2743
1765
1700
3080
1587
2042
1572
3641
2078
3078
3658
3630
2925
3568
3450
1377
3777
2026
3376
2214
1553
3541
1826
3362
3689
1402
3621
2197
3485
3869
2992
110
2994
741
251
3155
3188
32
2820
3760
3899
2737
594
3918
1348
3517
2767
2357
2305
2417
1925
3467
2713
3391
1044
3444
3822
2842
2515
3534
184
2907
2991
1890
706
2608
917
3864
323
2766
3831
3898
3535
3317
2666
273
965
201
2515
923
3442
2671
3884
1689
1947
160
2914
3211
2097
2922
389
2890
2900
3541
1355
2336
2347
1724
111
2788
302
2662
2899
2879
1857
3369
441
3435
3850
2737
1135
3396
3318
3432
3902
2767
1081
2232
561
3922
1486
3541
3388
2289
3560
3385
421
2759
3095
1140
2015
1351
2866
3801
2876
3168
2908
271
2246
263
3757
3818
157
1384
3233
2750
2103
2730
415
2215
3391
330
3612
3171
442
2008
3148
467
3673
470
3120
2333
2703
110
1174
1272
184
2399
2885
2177
2619
1486
2759
2294
389
2890
1227
3729
378
360
3478
3628
293
2083
3563
3585
580
1050
3168
1088
1076
2908
3562
2467
1874
3146
1524
3582
616
1969
1146
3048
389
2890
1807
1498
2836
335
1782
2815
2898
1012
1374
3743
3478
3776
3032
236
1371
3918
133
3235
3653
3798
1182
3173
715
3628
1826
2900
2840
766
3382
3801
2876
1553
2751
3388
2289
2560
1747
901
3469
1176
3317
2666
2501
3896
426
1172
591
3691
1564
2333
3683
1351
3560
2167
157
2285
599
3797
2700
3381
836
3719
3703
764
1352
937
3850
1672
2026
2661
1825
2478
1966
2673
3419
2720
2515
3477
3428
2131
3714
536
3820
2426
2306
2855
1465
3249
3407
2654
3556
3301
1625
2054
3882
3931
3165
1436
1790
3442
1659
3584
1661
1336
2349
2720
2732
2995
2932
3408
993
3238
1302
3616
3034
953
3305
1436
766
3382
1348
2478
1762
1338
3801
2876
1141
470
1235
2897
2643
3069
3746
1894
2246
263
3532
3626
1111
3271
2214
3168
1002
403
763
2495
265
3587
1527
644
3525
3250
3362
3626
752
3850
3242
1591
814
3818
3566
157
2743
3601
1025
2032
3118
281
1626
3568
2607
970
2773
438
3743
3500
1707
1256
1651
1966
3929
2932
3525
3250
3464
3139
3665
2926
1784
1826
1002
403
483
3249
2394
3519
3096
1237
3334
656
3926
2843
2165
1852
3644
2709
2232
3518
2130
2453
3082
1156
3609
482
461
2142
651
281
3497
1141
218
3344
871
1825
329
589
1523
593
2501
3831
3898
2700
1172
2720
3401
3628
3261
1221
2319
3004
3808
3586
2388
1242
2343
2968
764
3601
2240
3696
672
1500
2569
452
2572
2574
217
334
193
111
2579
1528
2582
681
510
2586
129
2588
1176
441
2591
131
702
664
701
697
441
1656
2600
368
139
232
314
2605
445
2484
467
3673
470
3853
1908
2501
769
271
2907
3090
3736
3388
1596
3478
3926
197
1302
2197
2082
3229
3683
579
3474
3321
2407
3722
3714
1899
3794
2995
2743
414
3922
1235
3676
660
1548
2026
3249
3407
2090
3591
2859
1786
2485
1570
2355
3288
132
483
1626
3014
1865
2787
2689
3777
3747
1840
3291
567
3723
3052
2082
3229
2427
2448
3670
2873
3513
2232
1875
3186
3072
2860
3376
2214
2077
3249
2394
2440
3082
3886
1683
3785
2004
3639
1377
3689
3839
1226
3743
3442
2671
292
779
277
3069
3746
3503
3594
3841
1349
727
316
763
1462
3478
3741
228
2364
2384
2305
2417
1925
402
3234
433
3563
3585
3659
2333
3095
3178
3003
2210
2123
2395
415
814
2783
2904
3376
2214
3915
226
1591
3110
361
3435
3032
3760
958
3575
2726
2629
1498
2836
335
2826
1496
3464
1371
3696
2898
591
3691
3647
2860
1792
2692
189
0
